aimbot_box=0.00
aimbot_distance=400.00
aimbot_range=3600.0
aimbot_silent=1.00
aimbot_smoothing=0.01
aimbot_target_height=1.40
aimbot_target_priority=1.00
auto_alloc_equip=1.00
auto_swap_jetpack=1.0
auto_swap_weapon=0.0
auto_switch_weapon=1.0
auto_teleport=0.00
current_fps=3.0
custom_configs=[[50.0,[5.0,295.7],[10.0,281.8],[13.0,284.6],[15.0,286.8],[18.9,289.6],[19.9,291.0],[20.9,286.0],[25.0,283.0],[30.0,279.5],[35.0,276.6],[40.0,273.8],[45.0,269.0],[50.0,265.0],[55.0,261.0],[60.0,257.0],[65.0,254.0],[70.0,252.0],[75.0,249.0],[80.0,248.4],[85.0,246.0],[90.0,244.6],[95.0,242.0],[100.0,240.0]],[100.0,[5.0,279.0],[10.0,275.6],[13.0,277.5],[15.0,279.5],[18.9,282.0],[19.9,295.0],[20.9,292.0],[25.0,285.0],[30.0,281.0],[35.0,277.0],[40.0,274.0],[45.0,269.0],[50.0,267.0],[55.0,265.0],[60.0,262.0],[65.0,260.0],[70.0,259.8],[75.0,258.6],[80.0,256.0],[85.0,254.0],[90.0,252.0],[95.0,251.0],[100.0,250.0]],[120.0,[5.0,285.0],[10.0,285.4],[13.0,282.0],[15.0,279.0],[18.9,277.0],[19.9,294.0],[20.9,291.0],[25.0,290.0],[30.0,288.8],[35.0,286.0],[40.0,282.5],[45.0,279.0],[50.0,277.0],[55.0,275.0],[60.0,273.3],[65.0,272.5],[70.0,269.5],[75.0,266.5],[80.0,264.0],[85.0,262.0],[90.0,259.0],[95.0,257.5],[100.0,255.0]],[150.0,[5.0,283.4],[10.0,279.5],[13.0,275.0],[15.0,272.0],[18.9,270.0],[19.9,293.0],[20.9,289.0],[25.0,294.0],[30.0,292.0],[35.0,291.0],[40.0,288.0],[45.0,286.0],[50.0,283.6],[55.0,281.6],[60.0,279.0],[65.0,277.0],[70.0,274.6],[75.0,272.0],[80.0,269.0],[85.0,268.0],[90.0,267.4],[95.0,265.0],[100.0,262.0]],[190.0,[5.0,278.0],[10.0,285.0],[13.0,289.0],[15.0,293.0],[18.9,296.0],[19.9,297.0],[20.9,292.0],[25.0,294.0],[30.0,297.0],[35.0,298.0],[40.0,303.4],[45.0,306.0],[50.0,308.0],[55.0,311.0],[60.0,314.0],[65.0,317.5],[70.0,320.0],[75.0,321.0],[80.0,323.0],[85.0,325.0],[90.0,327.4],[95.0,329.0],[100.0,331.0]],[210.4,[5.0,288.0],[10.0,290.0],[13.0,292.0],[15.0,294.0],[18.9,396.0],[19.9,300.0],[20.9,295.2],[25.0,295.2],[30.0,297.0],[35.0,298.4],[40.0,301.0],[45.0,307.0],[50.0,309.5],[55.0,312.0],[60.0,315.0],[65.0,317.0],[70.0,320.0],[75.0,324.4],[80.0,327.8],[85.0,329.5],[90.0,331.0],[95.0,333.8],[100.0,335.0]],[240.4,[5.0,282.0],[10.0,284.0],[13.0,289.0],[15.0,292.0],[18.9,294.0],[19.9,296.0],[20.9,293.0],[79.6,302.0],[91.4,305.0],[92.4,308.5],[93.4,310.0],[94.4,313.6],[95.4,315.0],[96.4,318.6],[97.4,321.0],[98.4,324.0],[99.4,326.0],[100.0,328.6],[100.0,329.0],[100.0,332.8],[100.0,335.0],[100.0,337.5],[100.0,339.0]],[260.4,[5.0,281.0],[10.0,282.0],[13.0,283.0],[15.0,285.0],[18.9,287.5],[19.9,399.0],[20.9,297.0],[25.0,300.2],[30.0,303.0],[35.0,306.0],[40.0,310.0],[45.0,313.0],[50.0,316.7],[55.0,319.0],[60.0,322.4],[65.0,324.0],[70.0,327.0],[75.0,329.0],[80.0,331.8],[85.0,334.5],[90.0,335.6],[95.0,336.0],[100.0,338.0]],[290.0,[5.0,284.0],[10.0,289.5],[13.0,293.0],[15.0,295.0],[18.9,298.0],[19.9,304.0],[20.9,298.5],[25.0,306.0],[30.0,310.0],[35.0,314.0],[40.0,315.4],[45.0,318.5],[50.0,323.0],[55.0,325.0],[60.0,327.0],[65.0,329.0],[70.0,332.0],[75.0,335.6],[80.0,337.0],[85.0,340.0],[90.0,343.0],[95.0,344.5],[100.0,345.0]],[330.0,[5.0,285.0],[10.0,289.5],[13.0,292.0],[15.0,295.5],[18.9,298.0],[19.9,312.0],[20.9,309.0],[25.0,311.0],[30.0,313.0],[35.0,315.5],[40.0,320.0],[45.0,323.0],[50.0,327.7],[55.0,329.0],[60.0,332.6],[65.0,335.5],[70.0,337.0],[75.0,340.0],[80.0,343.0],[85.0,344.0],[90.0,346.0],[95.0,347.0],[100.0,348.0]],[360.0,[5.0,287.0],[10.0,292.5],[13.0,294.0],[15.0,297.5],[18.9,300.0],[19.9,314.0],[20.9,310.3],[25.0,312.0],[30.0,316.0],[35.0,318.9],[40.0,320.0],[45.0,323.0],[50.0,327.7],[55.0,329.0],[60.0,331.6],[65.0,334.5],[70.0,336.8],[75.0,338.0],[80.0,341.0],[85.0,344.0],[90.0,345.0],[95.0,347.0],[100.0,348.0]],[400.0,[5.0,289.0],[10.0,290.5],[13.0,292.0],[15.0,293.5],[18.9,295.0],[19.9,309.0],[20.9,306.0],[25.0,316.0],[30.0,319.0],[35.0,323.5],[40.0,327.0],[45.0,329.0],[50.0,331.7],[55.0,334.0],[60.0,337.6],[65.0,338.5],[70.0,341.8],[75.0,343.0],[80.0,345.0],[85.0,348.0],[90.0,350.0],[100.0,352.0]]]
draw_object_distance=0.00
draw_object_line=0.0
draw_object_name=1.00
draw_object_value=0.00
draw_player_distance=1.00
draw_player_health=1.00
draw_player_line=1.00
draw_player_name=0.00
enable_debug_mode=1.00
enable_obstacle_detection=0.00
filter_npc_object=1.00
filter_pink_items=1.0
filter_prop_object=0.00
filter_purple_items=1.0
filter_useless_items=1.0
filter_white_items=1.0
guide_item=0.00
guide_npc=0.00
guide_players=1.00
ignore_death_player=1.00
ignore_npc=1.00
is_environment_highlight=1.0
is_modify_angle_range=1.00
is_modify_firearm_recoil=0.00
is_modify_melee_weapons_range=1.0
is_modify_scene_fog_mode=1.00
lateral_scale=0.91
melee_weapons_range=1.00
quick_interact=1.0
reload_interrupt=1.00
reload_switch=1.00
shoot_point=3.00
show_bag_items=1.00
show_configuration_items=0.00
show_ray=1.00
simple_mode=1.00
swap_after_reload=1.0
swap_weapon=1.00
switch_weapon=1.00
